431 768 585 862 681 565 797 580 957 651 
786 427 535 836 582 853 599 580 957 651 
499 410 642 499 982 1045 546 664 
429 783 908 702 601 500 418 957 651 599 
755 636 1004 550 590 444 633 
518 426 475 776 835 483 912 519 989 
457 690 1044 454 814 685 470 
679 768 659 473 951 513 412 846 646 
982 749 568 612 671 486 556 
624 428 556 964 856 632 417 864 598 
622 558 780 699 762 927 434 499 
630 818 650 836 925 413 590 411 
430 954 484 696 434 463 943 875 
658 544 800 727 802 434 678 809 486 
578 507 677 578 741 537 1004 
510 838 450 937 643 524 716 
601 526 901 1019 571 491 535 745 547 
419 533 979 429 506 920 631 861 
416 664 834 550 578 849 719 
638 410 704 621 677 855 719 
559 651 689 837 595 443 851 
567 456 624 719 904 437 910 
753 810 671 527 431 503 544 886 813 
505 695 521 919 557 666 891 750 443 
421 866 474 699 1056 522 486 763 
553 1048 418 512 434 919 655 739 
706 886 633 888 421 761 444 543 
416 481 980 471 858 504 891 779 568 
412 441 870 840 777 831 572 534 
658 722 501 430 554 759 710 820 782 
