944 397 821 612 522 985 538 496 624 
842 785 408 831 550 777 592 418 737 
565 981 649 441 963 531 770 432 613 
607 947 572 717 448 725 698 560 
985 474 574 457 738 953 435 
400 978 875 807 449 377 852 534 
437 969 391 935 403 836 653 
795 444 513 804 438 789 474 689 989 
713 841 489 677 553 914 454 720 419 811 
885 590 497 626 598 921 498 
682 467 966 664 365 954 532 
763 353 588 782 959 608 494 917 471 
580 856 664 467 851 900 360 596 
738 787 563 377 749 876 621 381 636 879 
468 410 632 959 827 983 339 679 643 
781 656 495 966 621 536 569 
847 717 541 422 781 503 802 
859 571 492 700 742 530 642 718 905 442 
720 954 543 413 735 588 453 867 
539 914 805 677 372 620 694 
378 804 580 937 744 666 779 382 
618 793 930 374 566 508 924 413 820 
819 704 474 710 571 909 412 382 957 
773 639 774 559 851 483 549 
600 878 669 942 763 442 607 404 634 
708 875 550 334 773 488 902 
828 516 711 766 414 842 336 868 
901 517 573 911 610 375 949 453 
391 433 864 461 813 882 956 479 
774 813 405 606 779 627 564 718 
